



0 0 0 0 0 0 0 0 0 0 0 0 6 0 2 0 2 0 6 0 0 0 0 0 0 0 0 0 0 0 0 0  
0 0 0 0 0 0 0 0 0 0 3 9 3 0 0 2 3 0 0 9 4 3 0 0 0 0 0 0 0 0 0 0  
0 0 0 0 0 0 0 0 4 9 9 9 0 0 0 4 2 0 0 3 9 9 9 4 0 0 0 0 0 0 0 0  
0 0 0 0 0 0 2 9 4 4 9 3 0 0 0 9 4 0 0 0 6 9 3 9 9 3 0 0 0 0 0 0  
0 0 0 0 0 4 9 0 0 9 9 2 0 0 9 2 6 4 0 0 6 9 3 0 2 9 4 0 0 0 0 0  
0 0 0 0 4 9 0 0 3 9 3 6 0 9 5 0 0 9 5 4 9 4 9 0 0 0 9 9 0 0 0 0  
0 0 0 4 9 0 0 0 9 2 0 6 9 9 9 4 6 9 9 9 5 0 3 4 0 0 0 6 6 0 0 0  
0 0 3 4 0 0 0 2 6 0 0 9 4 0 2 9 9 0 0 9 4 0 0 9 0 0 0 0 6 4 0 0  
0 0 9 0 0 0 0 6 2 0 0 9 0 0 9 6 9 9 0 3 5 0 0 3 3 0 0 0 0 9 0 0  
0 4 3 0 6 0 0 9 0 0 0 6 0 9 9 0 0 9 9 3 4 0 2 0 4 0 0 6 0 2 4 0  
0 9 0 6 5 0 0 6 0 6 0 6 9 9 0 0 0 2 9 9 4 0 6 0 4 0 0 5 6 0 4 0  
4 3 6 0 0 6 0 3 6 0 6 6 9 4 0 0 0 0 4 9 4 6 0 6 3 2 6 0 0 6 6 4  
5 0 0 0 0 0 4 3 0 0 0 9 9 0 0 0 0 0 0 9 6 0 0 0 2 5 0 0 0 0 0 5  
6 0 0 0 0 0 6 0 0 0 0 9 9 0 0 0 0 0 0 9 9 0 0 0 0 4 0 0 0 0 0 6  
0 0 0 0 0 0 0 0 0 0 0 9 9 2 0 0 0 0 5 9 4 0 0 0 0 0 0 0 0 0 0 0  
0 0 0 0 0 0 0 0 0 0 0 0 9 9 0 0 0 3 9 9 0 0 0 0 0 0 0 0 0 0 0 0  
0 0 0 0 0 0 0 0 0 0 0 0 0 9 9 0 4 9 6 0 0 0 0 0 0 0 0 0 0 0 0 0  
0 0 0 0 0 0 0 0 0 0 0 0 0 0 6 9 6 4 0 0 0 0 0 0 0 0 0 0 0 0 0 0  
0 0 0 0 0 0 0 0 0 0 0 0 0 2 6 9 9 9 0 0 0 0 0 0 0 0 0 0 0 0 0 0  
0 0 0 0 0 0 0 0 0 0 0 0 0 9 9 6 9 9 6 0 0 0 0 0 0 0 0 0 0 0 0 0  
0 0 0 0 0 0 0 0 0 0 0 0 0 9 9 4 4 9 9 0 0 0 0 0 0 0 0 0 0 0 0 0  
0 0 0 0 0 0 0 0 0 0 0 0 0 9 9 3 3 9 9 0 0 0 0 0 0 0 0 0 0 0 0 0  
0 0 0 0 0 0 0 0 0 0 0 0 0 0 9 9 9 9 0 0 0 0 0 0 0 0 0 0 0 0 0 0  
0 0 0 0 0 0 0 0 0 0 0 0 0 0 0 9 9 0 0 0 0 0 0 0 0 0 0 0 0 0 0 0  
0 0 0 0 0 0 0 0 0 0 0 0 0 0 5 4 4 5 0 0 0 0 0 0 0 0 0 0 0 0 0 0  
0 0 0 0 0 0 0 0 0 0 0 0 0 4 4 0 0 4 0 0 0 0 0 0 0 0 0 0 0 0 0 0  
0 0 0 0 0 0 0 0 0 0 0 0 0 5 4 0 0 2 5 0 0 0 0 0 0 0 0 0 0 0 0 0  
0 0 0 0 0 0 0 0 0 0 0 0 0 4 9 0 2 9 0 0 0 0 0 0 0 0 0 0 0 0 0 0  
0 0 0 0 0 0 0 0 0 0 0 0 0 0 9 4 3 5 0 0 0 0 0 0 0 0 0 0 0 0 0 0  
0 0 0 0 0 0 0 0 0 0 0 0 0 0 2 5 3 4 0 0 0 0 0 0 0 0 0 0 0 0 0 0  
0 0 0 0 0 0 0 0 0 0 0 0 0 0 0 4 4 0 0 0 0 0 0 0 0 0 0 0 0 0 0 0  
0 0 0 0 0 0 0 0 0 0 0 0 0 0 0 6 4 0 0 0 0 0 0 0 0 0 0 0 0 0 0 0  







