


0 0 0 0 0 0 0 0 0 0 0 0 0 0 0 0 0 0 0 0 0 0 0 0 0 0 0 0 0 0 0 0  
0 0 0 0 0 0 0 0 0 0 0 0 0 0 0 0 0 4 0 0 0 0 0 0 0 0 0 0 0 0 0 0  
0 0 0 0 0 0 0 0 0 0 0 0 0 0 0 0 0 0 4 4 4 4 4 0 0 0 0 0 0 0 0 0 
0 0 0 0 0 0 0 0 0 0 0 0 0 0 0 0 0 0 0 0 0 0 4 4 4 0 0 0 0 0 0 0  
0 0 0 0 0 0 0 0 0 0 0 0 0 0 0 0 0 0 0 0 0 0 0 0 4 4 0 0 0 0 0 0  
0 0 0 0 0 0 0 6 6 6 6 6 6 6 0 0 0 0 0 0 0 0 0 0 0 4 4 0 0 0 0 0  
0 0 0 0 0 0 6 6 6 6 6 6 6 0 0 0 0 0 0 0 0 0 0 0 0 0 4 4 0 0 0 0  
0 0 0 0 0 6 6 6 6 6 6 6 0 0 0 0 0 0 0 0 0 0 0 0 0 0 4 4 0 0 0 0  
0 0 0 0 6 6 6 6 6 6 6 0 0 0 0 0 0 0 0 0 0 0 0 0 0 0 0 4 4 0 0 0  
0 0 0 6 6 6 6 6 6 6 11 0 0 0 0 0 0 0 0 0 0 0 0 0 0 0 0 4 4 0 0 0  
0 0 6 6 6 6 6 6 6 11 11 11 0 0 0 0 0 0 0 0 0 0 0 0 0 0 0 0 4 4 0 0  
0 0 0 6 6 6 6 6 11 11 11 11 11 0 0 0 0 0 0 0 0 0 0 0 0 0 0 0 4 4 0 0  
0 0 0 0 6 6 6 0 0 0 11 11 11 11 0 0 0 0 0 0 0 0 0 0 0 0 0 0 4 4 0 0  
0 0 0 0 0 6 0 0 0 0 0 11 11 11 11 0 0 0 0 0 0 0 0 0 0 0 0 0 4 4 0 0  
0 0 0 0 0 0 0 0 0 0 0 0 11 11 11 11 0 0 0 0 0 0 0 0 0 0 0 0 4 4 0 0  
0 0 0 0 0 0 0 0 0 0 0 0 0 11 11 11 11 0 0 0 0 0 0 0 0 0 0 0 4 4 0 0  
0 0 0 0 0 0 0 0 0 0 0 0 0 0 11 11 11 11 0 0 0 0 0 0 0 0 0 0 4 4 0 0  
0 0 0 0 0 0 0 0 0 0 0 0 0 0 0 11 11 11 11 0 0 0 0 0 0 0 0 4 4 4 0 0  
0 0 0 0 0 0 0 0 4 4 4 0 0 0 0 0 11 11 11 11 0 0 0 0 0 0 0 4 4 0 0 0  
0 0 0 0 7 7 0 7 4 4 4 4 0 0 0 0 0 11 11 11 11 0 0 0 0 0 4 4 4 0 0 0  
0 0 0 0 7 7 7 7 7 4 4 4 4 0 0 0 0 0 11 11 11 11 0 0 0 4 4 4 0 0 0 0  
0 0 0 0 0 7 7 7 0 0 0 4 4 0 0 0 0 0 0 11 11 11 11 0 4 4 4 4 0 0 0 0  
0 0 0 7 7 7 7 7 7 0 0 0 4 4 4 0 0 0 0 0 11 11 11 11 4 4 0 0 0 0 0 0  
0 0 7 7 7 7 0 7 7 0 0 0 0 4 4 4 4 4 4 4 4 11 11 11 11 0 0 0 0 0 0 0  
0 7 7 7 7 7 0 0 0 0 0 0 0 0 4 4 4 4 4 4 4 4 11 11 11 11 0 0 0 0 0 0  
0 0 7 7 7 0 0 0 0 0 0 0 0 0 0 0 4 4 4 4 0 0 0 11 11 11 11 0 0 0 0 0  
0 0 0 7 0 0 0 0 0 0 0 0 0 0 0 0 0 0 0 0 0 0 0 0 11 11 11 11 0 0 0 0  
0 0 0 0 0 0 0 0 0 0 0 0 0 0 0 0 0 0 0 0 0 0 0 0 0 11 11 11 11 11 0 0  
0 0 0 0 0 0 0 0 0 0 0 0 0 0 0 0 0 0 0 0 0 0 0 0 0 0 11 11 11 0 0 0 
0 0 0 0 0 0 0 0 0 0 0 0 0 0 0 0 0 0 0 0 0 0 0 0 0 0 0 11 0 0 0 0  
0 0 0 0 0 0 0 0 0 0 0 0 0 0 0 0 0 0 0 0 0 0 0 0 0 0 0 0 0 0 0 0  
0 0 0 0 0 0 0 0 0 0 0 0 0 0 0 0 0 0 0 0 0 0 0 0 0 0 0 0 0 0 0 0  

