

0 0 0 0 0 0 0 0 0 0 0 0 0 0 0 0 0 0 0 0 0 0 0 0 0 0 0 0 0 0 0 0  
0 0 0 0 0 0 0 0 0 0 0 3 4 5 6 9 6 5 4 3 0 0 0 0 0 0 0 0 0 0 0 0 
0 0 0 0 0 0 0 0 0 4 4 9 1 1 1 1 1 1 1 9 6 4 0 0 0 0 0 0 0 0 0 0  
0 0 0 0 0 0 0 4 4 0 1 1 1 1 1 1 1 1 1 1 1 6 6 3 0 0 0 0 0 0 0 0  
0 0 0 0 0 0 6 2 0 9 1 1 1 1 1 1 1 1 1 1 1 1 1 1 6 0 0 0 0 0 0 0  
0 0 0 0 0 6 0 0 6 9 1 1 1 1 1 1 1 1 1 1 1 1 1 1 1 9 0 0 0 0 0 0  
0 0 0 0 6 0 0 0 9 1 1 1 1 1 1 1 1 1 1 1 1 1 1 1 1 1 9 0 0 0 0 0  
0 0 0 5 3 0 0 3 9 1 1 1 1 2 0 0 6 1 1 1 1 1 1 1 1 1 1 6 0 0 0 0  
0 0 2 4 0 0 0 4 9 1 1 1 1 0 0 0 2 1 1 1 1 1 1 1 1 1 1 9 0 0 0 0 
0 2 5 0 0 0 0 4 9 1 1 1 1 0 0 0 2 1 1 1 1 1 1 1 1 1 1 9 6 0 0 0  
0 4 3 0 0 0 0 3 9 1 1 1 1 3 0 0 6 1 1 1 1 1 1 1 1 1 1 1 9 0 0 0  
0 3 2 0 0 0 0 0 9 1 1 1 1 1 1 1 1 1 1 1 1 1 1 1 1 1 1 1 1 5 0 0  
0 4 2 0 0 0 0 0 6 1 1 1 1 1 1 1 1 1 1 1 1 1 1 1 1 1 1 1 1 9 0 0  
0 4 0 0 0 0 0 0 0 9 1 1 1 1 1 1 1 1 1 1 1 1 1 1 1 1 1 1 1 9 0 0  
2 3 0 0 0 0 0 0 0 0 9 1 1 1 1 1 1 1 1 1 1 1 1 1 1 1 1 1 1 6 3 0 
3 2 0 0 0 0 0 0 0 0 0 4 9 1 1 1 1 1 1 1 1 1 1 1 1 1 1 1 1 6 2 0 
3 2 0 0 0 0 0 0 0 0 0 0 0 0 3 4 9 1 1 1 1 1 1 1 1 1 1 1 1 6 2 0  
2 3 0 0 0 0 0 0 0 0 0 0 0 0 0 0 0 0 9 1 1 1 1 1 1 1 1 1 1 6 3 0  
0 4 0 0 0 0 0 0 0 0 0 0 0 0 0 0 0 0 0 6 9 1 1 1 1 1 1 1 1 9 0 0  
0 4 0 0 0 0 0 0 0 0 0 0 0 0 0 0 0 0 0 0 9 1 1 1 1 1 1 1 1 5 0 0  
0 4 0 0 0 0 0 0 0 0 0 0 0 0 0 0 0 0 0 0 3 9 1 1 1 1 1 1 1 4 0 0  
0 3 4 0 0 0 0 0 0 0 0 0 0 3 4 2 0 0 0 0 0 9 1 1 1 1 1 1 9 2 0 0  
0 0 1 0 0 0 0 0 0 0 0 0 5 9 1 9 0 0 0 0 0 6 1 1 1 1 1 1 9 0 0 0  
0 0 3 4 0 0 0 0 0 0 0 0 9 1 1 1 3 0 0 0 0 5 1 1 1 1 1 1 2 0 0 0  
0 0 0 1 0 0 0 0 0 0 0 0 5 9 1 9 0 0 0 0 0 5 1 1 1 1 1 6 0 0 0 0  
0 0 0 0 1 0 0 0 0 0 0 0 0 4 5 0 0 0 0 0 0 6 1 1 1 1 9 0 0 0 0 0  
0 0 0 0 0 1 0 0 0 0 0 0 0 0 0 0 0 0 0 0 0 9 1 1 1 9 0 0 0 0 0 0  
0 0 0 0 0 0 1 0 0 0 0 0 0 0 0 0 0 0 0 0 6 9 1 1 9 0 0 0 0 0 0 0  
0 0 0 0 0 0 0 5 4 0 0 0 0 0 0 0 0 0 0 4 9 1 1 6 0 0 0 0 0 0 0 0  
0 0 0 0 0 0 0 0 3 5 4 3 0 0 0 0 0 2 9 1 1 6 0 0 0 0 0 0 0 0 0 0  
0 0 0 0 0 0 0 0 0 0 0 4 5 5 5 5 1 1 4 3 0 0 0 0 0 0 0 0 0 0 0 0  
0 0 0 0 0 0 0 0 0 0 0 0 0 0 0 0 0 0 0 0 0 0 0 0 0 0 0 0 0 0 0 0  
 